%YAML:1.0
distortion_coefficients: !!opencv-matrix
   rows: 1
   cols: 5
   dt: d
   data: [ 0.037631950597278065, 0.014556388453373132, -0.0057795921782949535, 0.006713214864577036, 0.0]
camera_matrix: !!opencv-matrix
   rows: 3
   cols: 3
   dt: d
   data: [ 559.9132714650723, 0.0, 444.2970496380358, 0.0, 551.957156352291, 232.7128256767787, 0.0, 0.0, 1.0 ]
