%YAML:1.0
R_b2co: !!opencv-matrix
   rows: 3
   cols: 3
   dt: d
   data: [ 8.4019504615560986e-02, 2.7050874731389892e-02,
       -9.9609686023350408e-01, 2.5072720379570917e-01,
       -9.6804411669570589e-01, -5.1405285691413782e-03,
       -9.6440479076255115e-01, -2.4931667153533985e-01,
       -8.8116982773271735e-02 ]
T_b2co: !!opencv-matrix
   rows: 3
   cols: 1
   dt: d
   data: [ 4.6132181394009653e-04, -2.7010425065027405e-02,
       -3.4861723475978046e-02 ]
