%YAML:1.0
R_b2cb: !!opencv-matrix
   rows: 3
   cols: 3
   dt: d
   data: [ -9.9608850729340448e-01, -2.5164156957703680e-02,
       -8.4702182903270848e-02, -8.4019504620283056e-02,
       -2.7050874732610641e-02, 9.9609686023307265e-01,
       -2.7357207572754328e-02, 9.9931725682046135e-01,
       2.4830785314114374e-02 ]
T_b2cb: !!opencv-matrix
   rows: 3
   cols: 1
   dt: d
   data: [ -2.7892196174181372e-02, -4.6132181411079332e-04,
       3.4160331065284544e-02 ]
